// DPQ2 - Professor Ruy de Sousa Júnior
for i =1:10; clf(i);end

function fv = funcv(v,v0,kk,K,alfaa,alfac,q,V,F,A,YxA,fx,espce,Kdec,Rcell,vcell,Ecell,M,D,T,ilim)
// Calcula o vetor de funções f(v), onde f(v[solução])=0 

R = 8.314 // m³.atm/K.mol
P = 101325 //atm
oxi0 = (0.21*P)/(R*T) // valor de entrada - mol/m³

//D = 0.86^2.5*((T^1.75*5.8/10000)/(27.772*P))*3600/10000;
//D=0.08*10^-4*3600

Iref=0.0064
Cref=1
//Iref = (4.222*10^-2)*exp((73200/R)*(1/353 - 1/T));
//Cref = (0.21*P)/(R*T);
  // v(1) = y(1)
  // v(2) = y(2)
  // v(3) = y(3)
  // v(4) = y(4)
  // v(5) = y(5)
  // v(6) = y(6)
  // v(7) = y(7) 
  // v(8) = y(8)
  // v(9) = oxi(1)
  // v(10) = oxi(2)
  // v(11) = oxi(3)
  // v(12) = oxi(4)
  // v(13) = microorganismo final
  // v(14) = etaA
  // v(15) = etaC
  // v(16)= Icell
  // YxA = rendimento
  // fx = wash out
  fv = zeros(16,1);   // dimensionando fv
  fv(1) = v(1)- v0;
  fv(2) = v(2)- v(1)
  fv(3) = v(3)- v(2);
  fv(4) = v(4)- K(2)*v(3);
  fv(5) = v(5)- v(4);
  fv(6) = v(6)- K(3)*v(5);
  fv(7) = kk*exp((alfaa*v(14)*F)/R/T)*((v(7)+v(6))/2)/(K(1)+((v(7)+v(6))/2))- D*(v(6)- v(7))/espce; // Equação 3-13;
  fv(8) = v(8);
  fv(9) = oxi0 - v(9);
  fv(10)= v(10) - v(9);
  fv(11) = v(11)- K(4)*v(10);
  fv(12) = 3600*v(16)/4/F - (0.08*10^-4*3600)*(v(11)- v(12))/espce;
  fv(13) = v(13)-1 //Nao tem Cx no michaelis menten
//  fv(14) = -vcell + Ecell -v(15)- v(16)*Rcell - v(14); // primeira equação do frame 3
  fv(14) = -vcell + Ecell -v(15)- v(16)*Rcell - v(14); 
  fv(15) = 3600*v(16)/14/F - kk*exp((alfaa*v(14)*F)/R/T)*((v(6)+v(7))/2)/(K(1)+(v(6)+v(7))/2); // terceira equação do frame 3
  fv(16) = v(16)-(Iref*(((v(11)+v(12))/2)/Cref)*exp(alfac*v(15)*F/R/T)); 
endfunction

// Célula a combustivel microbiana
//clear // limpa memória do scilab
clc  // limpa a tela da janela de comando
Iexp = [17.27941176 
18.97058824
21.17647059
23.45588235
27.20588235
31.32352941
35.66176471
42.86764706
]';
    Vexp = [0.719347783,
0.67935956,
0.630218069,
0.52992705,
0.429229603,
0.329989908,
0.232060892,
0.080883602
]';
//0.6000    0.4880    0.3453    0.1527    0.0005    4.2000
// Parâmetros do processo (sistema)
N = 16
ilim=45//  A/m2
T = 303//K
v0 = 100 ;// mol/m³ - concentração inicial
fx = 10 // assumido pelo artigo
v = [100 80 70 60 40 30 20 19 8.4 8.1 7.5 7.0 0.05 -0.2 0.4 6.0]'; // mol/m³
kk = 0.0507 ;// mol/m³.h 
Km = 100 // mol/m3
K = [Km 1.0 0.8 0.8]'; // os 3 últimos valores foram assumidos pelo artigo (K2-4)
alfaa = 0.1950 // constante
alfac = 0.1690 // constante
Kdec = 8.33*10^-4 // valor assumido pelo artigo
q = 2.25*10^-5  // vazão volumétrica - m³/h
V = 1.596*10^-5 // m³ - volume
F = 96485 // Constante de faraday - C/mol
A = 1.2*10^-3 // área - m²
YxA = 0.05 // rendimento 
Ecell = 2// volts
Rcell = 0.0150 // m³/S /////////////////////////////////////////// n seria m2 em vez de m3 aqui??
M=0.05 //quantidade de microorganismos no início (segundo artigo,0) mol/m³
espce=0.000023 // assumido pelo artigo - m
D =3.6e-6

solucao=list();
ACET = []
O2 =   []
VOLT = []
CORR = []
ETAA=  []
ETAC = []
POT =  []

original=[ilim,Rcell,kk,Ecell]
params = ['Corrente limitante ilim','Rcell','fator preexp kk','Ecell']
condi = [0,ilim-0.1,ilim+0.1,Rcell/10,Rcell*10,kk/2,kk*2,Ecell/1.1,Ecell*1.1] //Condições para a analise de sensibilidade
for aux=1:size(condi,'c')
    if aux==2 ||aux==3 ; ilim=condi(aux); Rcell=original(2); kk=original(3);Ecell=original(4) //so alfa muda
    elseif aux==4 ||aux==5 ; Rcell=condi(aux); ilim=original(1); kk=original(3);Ecell=original(4) //so R muda
    elseif aux==6 || aux==7; kk=condi(aux); ilim=original(1); Rcell=original(2);Ecell=original(4)// so kk muda
    elseif aux==8 || aux==9 Ecell=condi(aux);ilim=original(1); Rcell=original(2); kk=original(3) //so T muda
    else ilim=original(1); Rcell=original(2); kk=original(3); Ecell=original(4) //Nada muda
    end
    
    voltagens = []
    correntes=  []
    etaA = []
    etaC = []
    for vcell=2:-0.025:0
    
        // Parâmetros do método numérico:
        tolfv = 1.0d-6;  //tolerância na função [mol/tempo]
        tolv = 1.0d-6;  // tolerância na variação de v [mol/volume]
        Itmax = 1000; // número máximo de iterações
        
        k = 0; // número da iteração
        h = 1.0d-8; // incremento usado no cálculo da derivada numérica
        
        ok = 0; // variável que indica critério de parada do while
        
        //getf('funcx.sci'); //declarando função 
        //getd
        
        Jac = zeros(N,N); //dimensionando a matriz Jacobiana 
        
        //Newton-Raphson
        while ok == 0 
          k=k+1;
          fv = funcv(v,v0,kk,K,alfaa,alfac,q,V,F,A,YxA,fx,espce,Kdec,Rcell,vcell,Ecell,M,D,T,ilim);    //calcula o vetor fv:
        
          if sum(abs(fv)) <= tolfv then   // checando convergência em f(v)
            ok = 1;
            disp('fv <=tolfv');
          else
            // Calcula a matriz Jacobiana
            for j=1:16
              vj = v(j); // guardando o valor de v(j)
              v(j) = v(j)+h; //incrementando o v(j) em h 
              
              fvh = funcv(v,v0,kk,K,alfaa,alfac,q,V,F,A,YxA,fx,espce,Kdec,Rcell,vcell,Ecell,M,D,T,ilim);
              Jac(:,j)=(fvh-fv)/h;
              v(j) = vj;
            end
            g = Jac\(-fv); // resolução de sistema linear
            v = g + v; //x[k+1]
            
            if sum(abs(g)) <= tolv then  // checando convergência em v
              ok = 2;
              disp('g = delta(v) <= tolv');
            elseif k >= Itmax then  // checando número de iterações
              ok = 3;
              disp('k>=Itmax');
            end
          end
        end
       solucao($+1) = v;
       //salva p curva de desempenho
       etaA = [etaA, v(14)]
       etaC = [etaC, v(15)]
       voltagens = [voltagens,vcell]
       correntes = [correntes,v(16)]
    end
    
    ACET = [ACET,v(1:8)]
    O2 =   [O2, v(9:12)]
    VOLT = [VOLT,voltagens']
    CORR = [CORR,correntes']
    ETAA=  [ETAA, etaA']
    ETAC = [ETAC, etaC']
    POT =  [VOLT.*CORR,(voltagens.*correntes)']
end
// imprindo solução aproximada obtida
//disp('solução')
//v
//disp(v)
// imprimindo o valor da função calculada na solução obtida
//disp('checando função')
//fv = funcv(v,v0,kk,K,alfaa,alfac,q,V,F,A,YxA,fx,espce,Kdec, Rcell, vcell, Ecell, M);
//disp(fv)

disp(solucao) //A lista solucao armazena em cada índice seu um vetor com todas as variáveis de cada iteração de vcell; dessa forma,
              //é possível acessar os valores posteriormente para plotar gráficos, se lembrando da notação do vetor v definido anteriormente.
    
//// Gráficos

alfaa=original(1)
Rcell=original(2)

for aux=0:size(original,'c')-1 //n de parametros q variam na sensibilidade (alfa e RCell)
    index = [1,2+2*aux,3+2*aux]
    t = linspace(1,8,8)
    scf(1+6*aux); plot(t,ACET(t,index))
    legenda = [string(original(1+aux)),string(condi(2+2*aux)),string(condi(3+2*aux))]
    legend(legenda)
    xlabel('y_i')
    ylabel('[Acetato] mol/L')
    
    t2 = linspace(1,4,4) + 8
    scf(2+6*aux); plot(t2,O2(:,index))
    legenda = [string(original(1+aux)),string(condi(2+2*aux)),string(condi(3+2*aux))]
    legend(legenda)
    xlabel('y_i')
    ylabel('[O2] mol/L')
    
//    scf(3+6*aux)
    scf(3); subplot(2,2,aux+1);plot(CORR(:,index),VOLT(:,index),Iexp,Vexp,'o')
    legenda = [string(original(1+aux)),string(condi(2+2*aux)),string(condi(3+2*aux)),'exp']
    title(params(aux+1))
    legend(legenda)
    xlabel('Icell A/m2' )
    ylabel('Vcell V')
    
    
    scf(4); subplot(2,2,aux+1);plot(CORR(:,index),POT(:,index))
    legenda = [string(original(1+aux)),string(condi(2+2*aux)),string(condi(3+2*aux))]
    title(params(aux+1))
    legend(legenda,-4)
    xlabel('Icell A/m2' )
    ylabel('Pcell W/m2')
    
    scf(5+6*aux); plot(CORR(:,index),ETAA(:,index),[0,12],[0,0])
    legenda = [string(original(1+aux)),string(condi(2+2*aux)),string(condi(3+2*aux))]
    legend(legenda)
    xlabel('Icell A/m2' )
    ylabel('Sobrepotencial V')
